Rates of change of the preys population for each time point:
[5.00000000e+00 3.05911963e+00 1.88150440e+00 1.17150743e+00
 7.41316889e-01 4.77684099e-01 3.13708538e-01 2.10013883e-01
 1.43294891e-01 9.96109678e-02 7.05113534e-02 5.07973723e-02
 3.72216926e-02 2.77243988e-02 2.09787226e-02 1.61172497e-02
 1.25645779e-02 9.93361395e-03 7.96038605e-03 6.46251607e-03
 5.31239862e-03 4.41967456e-03 3.71960919e-03 3.16531053e-03
 2.72244564e-03 2.36562287e-03 2.07587314e-03 1.83889975e-03
 1.64382867e-03 1.48231960e-03 1.34792457e-03 1.23562046e-03
 1.14146690e-03 1.06235380e-03 9.95806903e-04 9.39853095e-04
 8.92908238e-04 8.53695878e-04 8.21185682e-04 7.94543641e-04
 7.73094741e-04 7.56293855e-04 7.43702822e-04 7.34972271e-04
 7.29827854e-04 7.28059098e-04 7.29508472e-04 7.34069214e-04
 7.41675187e-04 7.52300633e-04 7.65954804e-04 7.82681060e-04
 8.02555153e-04 8.25684423e-04 8.52208051e-04 8.82296985e-04
 9.16155412e-04 9.54021590e-04 9.96170182e-04 1.04291415e-03
 1.09460786e-03 1.15165014e-03 1.21448841e-03 1.28362251e-03
 1.35960921e-03 1.44306890e-03 1.53469218e-03 1.63524493e-03
 1.74557680e-03 1.86663232e-03 1.99945816e-03 2.14521392e-03
 2.30518620e-03 2.48080196e-03 2.67364180e-03 2.88545751e-03
 3.11819396e-03 3.37400627e-03 3.65528295e-03 3.96467544e-03
 4.30512584e-03 4.67989601e-03 5.09260499e-03 5.54727452e-03
 6.04836568e-03 6.60082861e-03 7.21016545e-03 7.88248775e-03
 8.62457935e-03 9.44397666e-03 1.03490643e-02 1.13491527e-02
 1.24545848e-02 1.36768668e-02 1.50287969e-02 1.65246056e-02
 1.81801135e-02 2.00129116e-02 2.20425848e-02 2.42909088e-02
 2.67821268e-02 2.95432068e-02 3.26041690e-02 3.59984279e-02
 3.97631638e-02 4.39397932e-02 4.85744211e-02 5.37183784e-02
 5.94288238e-02 6.57694168e-02 7.28110568e-02 8.06327093e-02
 8.93223386e-02 9.89779207e-02 1.09708617e-01 1.21636023e-01
 1.34895634e-01 1.49638384e-01 1.66032474e-01 1.84265327e-01
 2.04545765e-01 2.27106503e-01 2.52206857e-01 2.80135813e-01
 3.11215416e-01 3.45804542e-01 3.84303142e-01 4.27156925e-01
 4.74862574e-01 5.27973613e-01 5.87106856e-01 6.52949637e-01
 7.26267873e-01 8.07914950e-01 8.98841758e-01 1.00010767e+00
 1.11289286e+00 1.23851198e+00 1.37842931e+00 1.53427559e+00
 1.70786667e+00 1.90122420e+00 2.11659850e+00 2.35649382e+00
 2.62369625e+00 2.92130451e+00 3.25276359e+00 3.62190177e+00
 4.03297090e+00 4.49069015e+00 5.00029314e+00 5.56757824e+00
 6.19896157e+00 6.90153175e+00 7.68310469e+00 8.55227647e+00
 9.51846917e+00 1.05919635e+01 1.17839087e+01 1.31062911e+01
 1.45718369e+01 1.61938059e+01 1.79856062e+01 1.99601156e+01
 2.21285202e+01 2.44983457e+01 2.70701346e+01 2.98318360e+01
 3.27493426e+01 3.57506583e+01 3.87000748e+01 4.13586648e+01
 4.33327285e+01 4.40339390e+01 4.27297656e+01 3.88252918e+01
 3.24083922e+01 2.46120477e+01 1.71203358e+01 1.11407193e+01
 6.96048624e+00 4.27054053e+00 2.61456425e+00 1.61349006e+00
 1.00954255e+00 6.42463387e-01 4.16495475e-01 2.75215349e-01
 1.85379008e-01 1.27251638e-01 8.89803406e-02 6.33466298e-02
 4.58882411e-02 3.38040035e-02 2.53082505e-02 1.92452799e-02
 1.48559486e-02 1.16343702e-02 9.23871300e-03 7.43487719e-03
 6.06046035e-03 5.00138535e-03 4.17656819e-03 3.52770808e-03
 3.01242667e-03 2.59959314e-03 2.26611048e-03 1.99467171e-03
 1.77219459e-03 1.58870177e-03 1.43652058e-03 1.30970454e-03
 1.20361052e-03 1.11458826e-03 1.03975031e-03 9.76797897e-04
 9.23891993e-04 8.79554661e-04 8.42595443e-04 8.12051329e-04
 7.87142765e-04 7.67239590e-04 7.51833249e-04 7.40515668e-04
 7.32962945e-04 7.28922017e-04 7.28200792e-04 7.30659380e-04
 7.36202867e-04 7.44780186e-04 7.56375658e-04 7.71010566e-04
 7.88738352e-04 8.09645073e-04 8.33848359e-04 8.61497360e-04
 8.92773807e-04 9.27892420e-04 9.67103148e-04 1.01069252e-03
 1.05898659e-03 1.11235356e-03 1.17120735e-03 1.23601152e-03
 1.30728395e-03 1.38560188e-03 1.47160705e-03 1.56601235e-03
 1.66961111e-03 1.78328287e-03 1.90800234e-03 2.04485115e-03
 2.19502992e-03 2.35986814e-03 2.54083887e-03 2.73957760e-03
 2.95789673e-03 3.19780428e-03 3.46152736e-03 3.75153891e-03
 4.07057929e-03 4.42168682e-03 4.80823700e-03 5.23397541e-03
 5.70305623e-03 6.22009081e-03 6.79020638e-03 7.41909169e-03
 8.11306111e-03 8.87913645e-03 9.72512129e-03 1.06596800e-02
 1.16924378e-02 1.28341070e-02 1.40965972e-02 1.54931488e-02
 1.70384782e-02 1.87489526e-02 2.06427899e-02 2.27402438e-02
 2.50638648e-02 2.76387302e-02 3.04927605e-02 3.36570237e-02
 3.71660915e-02 4.10584719e-02 4.53770294e-02 5.01694823e-02
 5.54889657e-02 6.13946537e-02 6.79524478e-02 7.52357431e-02
 8.33262954e-02 9.23151616e-02 1.02303790e-01 1.13405181e-01
 1.25745248e-01 1.39464247e-01 1.54718472e-01 1.71682080e-01
 1.90549106e-01 2.11535779e-01 2.34883043e-01 2.60859408e-01
 2.89764093e-01 3.21930540e-01 3.57730355e-01 3.97577651e-01
 4.41933916e-01 4.91313448e-01 5.46289355e-01 6.07500291e-01
 6.75657941e-01 7.51555278e-01 8.36075922e-01 9.30204346e-01
 1.03503734e+00 1.15179674e+00 1.28184356e+00 1.42669364e+00
 1.58803509e+00 1.76774753e+00 1.96792351e+00 2.19089205e+00
 2.43924480e+00 2.71586487e+00 3.02395839e+00 3.36708934e+00
 3.74921757e+00 4.17474016e+00 4.64853631e+00 5.17601551e+00
 5.76316875e+00 6.41662219e+00 7.14369237e+00 7.95244036e+00
 8.85172300e+00 9.85123572e+00 1.09615387e+01 1.21940561e+01
 1.35610269e+01 1.50753781e+01 1.67504702e+01 1.85996331e+01
 2.06353585e+01 2.28679217e+01 2.53030526e+01 2.79380041e+01
 3.07549130e+01 3.37096193e+01 3.67130628e+01 3.96013862e+01
 4.20918109e+01 4.37303936e+01 4.38689885e+01 4.17736365e+01
 3.70033056e+01 2.99736767e+01 2.20951663e+01 1.50023578e+01
 9.60880587e+00 5.95559079e+00 3.64627697e+00 2.23615560e+00
 1.38543345e+00 8.71370705e-01 5.57777987e-01 3.63811803e-01
 2.41891484e-01 1.63932729e-01 1.13206623e-01 7.96224579e-02
 5.70058260e-02 4.15210661e-02 3.07483949e-02 2.31376878e-02
 1.76808562e-02 1.37126143e-02 1.07876173e-02 8.60362272e-03
 6.95277062e-03 5.69027840e-03 4.71405006e-03 3.95124579e-03
 3.34930593e-03 2.86989435e-03 2.48475669e-03 2.17286500e-03
 1.91841452e-03 1.70942527e-03 1.53673541e-03 1.39328138e-03
 1.27357554e-03 1.17332318e-03 1.08914093e-03 1.01834745e-03
 9.58803714e-04 9.08796692e-04 8.66947509e-04 8.32144571e-04
 8.03488279e-04 7.80250283e-04 7.61842175e-04 7.47789818e-04
 7.37713747e-04 7.31314110e-04 7.28358321e-04 7.28671920e-04
 7.32130552e-04 7.38653036e-04 7.48200782e-04 7.60769707e-04
 7.76391828e-04 7.95131143e-04 8.17083777e-04 8.42377633e-04
 8.71172064e-04 9.03659447e-04 9.40065514e-04 9.80651822e-04
 1.02571728e-03 1.07560118e-03 1.13068602e-03 1.19140123e-03
 1.25822728e-03 1.33170045e-03 1.41241830e-03 1.50104499e-03
 1.59831787e-03 1.70505703e-03 1.82217221e-03 1.95067139e-03
 2.09167211e-03 2.24641570e-03 2.41627678e-03 2.60277813e-03
 2.80760967e-03 3.03264564e-03 3.27996232e-03 3.55186137e-03
 3.85089957e-03 4.17991098e-03 4.54203765e-03 4.94076798e-03
 5.37997678e-03 5.86396100e-03 6.39748868e-03 6.98586182e-03
 7.63496641e-03 8.35133548e-03 9.14222760e-03 1.00157186e-02
 1.09807743e-02 1.20473531e-02 1.32265333e-02 1.45306392e-02
 1.59733728e-02 1.75699659e-02 1.93373517e-02 2.12943839e-02
 2.34620254e-02 2.58636108e-02 2.85251010e-02 3.14753870e-02
 3.47466341e-02 3.83746232e-02 4.23992135e-02 4.68647764e-02
 5.18207134e-02 5.73220254e-02 6.34299761e-02 7.02127860e-02
 7.77464445e-02 8.61155890e-02 9.54144982e-02 1.05748201e-01
 1.17233698e-01 1.30001353e-01 1.44196391e-01 1.59980637e-01
 1.77534414e-01 1.97058638e-01 2.18777196e-01 2.42939574e-01
 2.69823802e-01 2.99739711e-01 3.33032566e-01 3.70087153e-01
 4.11332268e-01 4.57245768e-01 5.08360185e-01 5.65268943e-01
 6.28633335e-01 6.99190259e-01 7.77760773e-01 8.65259775e-01
 9.62706567e-01 1.07123671e+00 1.19211521e+00 1.32675108e+00
 1.47671361e+00 1.64375033e+00 1.82980690e+00 2.03704927e+00
 2.26788798e+00 2.52500515e+00 2.81138421e+00 3.13034247e+00
 3.48556696e+00 3.88115349e+00 4.32164921e+00 4.81209847e+00
 5.35809213e+00 5.96581956e+00 6.64212293e+00 7.39455254e+00
 8.23142013e+00 9.16184817e+00 1.01958085e+01 1.13441412e+01
 1.26185407e+01 1.40314862e+01 1.55960798e+01 1.73257360e+01
 1.92336247e+01 2.13317108e+01 2.36291219e+01 2.61293921e+01
 2.88258076e+01 3.16935527e+01 3.46765102e+01 3.76654742e+01
 4.04638181e+01 4.27392152e+01 4.39742522e+01 4.34707909e+01
 4.05327520e+01 3.49368039e+01 2.74466461e+01 1.96636143e+01
 1.30653223e+01 8.25853208e+00 5.08874548e+00 3.11342047e+00
 1.91427237e+00 1.19129301e+00 7.53370698e-01 4.85127634e-01
 3.18378996e-01 2.12994831e-01 1.45230987e-01 1.00890499e-01
 7.13715353e-02 5.13853279e-02 3.76300846e-02 2.80124920e-02
 2.11849969e-02 1.62670613e-02 1.26748746e-02 1.00158816e-02
 8.02251291e-03 6.50998953e-03 5.34908307e-03 4.44832406e-03
 3.74220867e-03 3.18330624e-03 2.73690247e-03 2.37733266e-03
 2.08543037e-03 1.84675477e-03 1.65032565e-03 1.48772370e-03
 1.35244171e-03 1.23941169e-03 1.14465906e-03 1.06504737e-03
 9.98082113e-04 9.41774170e-04 8.94526817e-04 8.55053688e-04
 8.22316537e-04 7.95474928e-04 7.73848638e-04 7.56888311e-04
 7.44152250e-04 7.35288136e-04 7.30019114e-04 7.28132627e-04
 7.29469298e-04 7.33920680e-04 7.41419253e-04 7.51937845e-04
 7.65484537e-04 7.82101459e-04 8.01863272e-04 8.24876164e-04
 8.51278219e-04 8.81239226e-04 9.14962204e-04 9.52684172e-04
 9.94678491e-04 1.04125673e-03 1.09277177e-03 1.14962079e-03
 1.21224949e-03 1.28115577e-03 1.35689436e-03 1.44008326e-03
 1.53141058e-03 1.63163945e-03 1.74161640e-03 1.86228253e-03
 1.99468080e-03 2.13996667e-03 2.29942201e-03 2.47446876e-03
 2.66668187e-03 2.87780680e-03 3.10978141e-03 3.36475312e-03
 3.64510191e-03 3.95346945e-03 4.29278737e-03 4.66630576e-03
 5.07763047e-03 5.53076859e-03 6.03016512e-03 6.58075221e-03
 7.18801163e-03 7.85803282e-03 8.59757496e-03 9.41414653e-03
 1.03161013e-02 1.13127159e-02 1.24142953e-02 1.36323025e-02
 1.49794888e-02 1.64700320e-02 1.81196947e-02 1.99460024e-02
 2.19684670e-02 2.42087839e-02 2.66911054e-02 2.94423002e-02
 3.24922752e-02 3.58743218e-02 3.96254807e-02 4.37870136e-02
 4.84048528e-02 5.35301382e-02 5.92198133e-02 6.55373000e-02
 7.25532308e-02 8.03462757e-02 8.90040679e-02 9.86242162e-02
 1.09315471e-01 1.21198971e-01 1.34409700e-01 1.49098026e-01
 1.65431516e-01 1.83596885e-01 2.03802172e-01 2.26279212e-01
 2.51286344e-01 2.79111464e-01 3.10075402e-01 3.44535682e-01
 3.82890747e-01 4.25584623e-01 4.73112121e-01 5.26024677e-01
 5.84936781e-01 6.50533174e-01 7.23576891e-01 8.04918100e-01
 8.95504113e-01 9.96390315e-01 1.10875245e+00 1.23390023e+00
 1.37329245e+00 1.52855371e+00 1.70149310e+00 1.89412470e+00
 2.10869044e+00 2.34768525e+00 2.61388490e+00 2.91037664e+00
 3.24059278e+00 3.60834755e+00 4.01787731e+00 4.47388415e+00
 4.98158288e+00 5.54675130e+00 6.17578304e+00 6.87574231e+00
 7.65441870e+00 8.52038022e+00 9.48301943e+00 1.05525868e+01
 1.17402012e+01 1.30578209e+01 1.45181489e+01 1.61344315e+01
 1.79200804e+01 1.98880078e+01 2.20494856e+01 2.44122125e+01
 2.69770513e+01 2.97325202e+01 3.26454998e+01 3.56456784e+01
 3.86001451e+01 4.12743942e+01 4.32809994e+01 4.40384586e+01
 4.28163053e+01 3.90066755e+01 3.26642318e+01 2.48879759e+01
 1.73602679e+01 1.13182275e+01 7.07852913e+00 4.34439416e+00
 2.65945915e+00 1.64055411e+00 1.02591977e+00 6.52480578e-01
 4.22712047e-01 2.79137160e-01 1.87896210e-01 1.28895769e-01
 9.00729547e-02 6.40851393e-02 4.63956848e-02 3.41582590e-02
 2.55593722e-02 1.94259253e-02 1.49877326e-02 1.17318090e-02
 9.31168687e-03 7.49019973e-03 6.10289052e-03 5.03428801e-03
 4.20234887e-03 3.54810815e-03 3.02871870e-03 2.61271747e-03
 2.27676810e-03 2.00339051e-03 1.77937592e-03 1.59465299e-03
 1.44147921e-03 1.31385540e-03 1.20709850e-03 1.11752795e-03
 1.04223315e-03 9.78895219e-04 9.25661724e-04 8.81044503e-04
 8.43843038e-04 8.13087192e-04 7.87992083e-04 7.67922534e-04
 7.52365953e-04 7.40911263e-04 7.33231792e-04 7.29072587e-04
 7.28239215e-04 7.30588822e-04 7.36027391e-04 7.44500033e-04
 7.55991859e-04 7.70521637e-04 7.88142418e-04 8.08938859e-04
 8.33027541e-04 8.60556625e-04 8.91706522e-04 9.26691029e-04
 9.65758642e-04 1.00919479e-03 1.05732401e-03 1.11051309e-03
 1.16917437e-03 1.23376996e-03 1.30481561e-03 1.38288550e-03
 1.46861974e-03 1.56272985e-03 1.66600498e-03 1.77932076e-03
 1.90365041e-03 2.04007194e-03 2.18977977e-03 2.35409967e-03
 2.53450125e-03 2.73261245e-03 2.95023819e-03 3.18938203e-03
 3.45226382e-03 3.74134415e-03 4.05935546e-03 4.40932853e-03
 4.79462389e-03 5.21897144e-03 5.68651540e-03 6.20185241e-03
 6.77008381e-03 7.39688158e-03 8.08854365e-03 8.85206144e-03
 9.69520509e-03 1.06266170e-02 1.16558939e-02 1.27936978e-02
 1.40518932e-02 1.54436747e-02 1.69837135e-02 1.86883201e-02
 2.05756346e-02 2.26658509e-02 2.49814232e-02 2.75473527e-02
 3.03914470e-02 3.35446689e-02 3.70414729e-02 4.09202090e-02
 4.52235908e-02 4.99991704e-02 5.52998872e-02 6.11847004e-02
 6.77192673e-02 7.49767222e-02 8.30385130e-02 9.19953789e-02
 1.01948380e-01 1.13010125e-01 1.25306043e-01 1.38975907e-01
 1.54175414e-01 1.71078086e-01 1.89877264e-01 2.10788371e-01
 2.34051477e-01 2.59934105e-01 2.88734374e-01 3.20784517e-01
 3.56454767e-01 3.96157721e-01 4.40353187e-01 4.89553565e-01
 5.44329869e-01 6.05318428e-01 6.73228294e-01 7.48849576e-01
 8.33062623e-01 9.26848334e-01 1.03129948e+00 1.14763345e+00
 1.27720628e+00 1.42152830e+00 1.58228146e+00 1.76133858e+00
 1.96078459e+00 2.18294013e+00 2.43038746e+00 2.70599928e+00
 3.01297026e+00 3.35485166e+00 3.73558921e+00 4.15956448e+00
 4.63163956e+00 5.15720512e+00 5.74223156e+00 6.39332270e+00
 7.11777061e+00 7.92361024e+00 8.81967076e+00 9.81561861e+00
 1.09219844e+01 1.21501634e+01 1.35123682e+01 1.50215059e+01
 1.66909282e+01 1.85339765e+01 2.05631889e+01 2.27889468e+01
 2.52171863e+01 2.78455358e+01 3.06567937e+01 3.36079416e+01
 3.66118517e+01 3.95078387e+01 4.20180083e+01 4.36949507e+01
 4.38964853e+01 4.18871698e+01 3.72068075e+01 3.02351128e+01
 2.23568142e+01 1.52170210e+01 9.76138685e+00 6.05465363e+00
 3.70750739e+00 2.27321187e+00 1.40777678e+00 8.84930455e-01
 5.66108242e-01 3.69008166e-01 2.45187796e-01 1.66060398e-01
 1.14604141e-01 8.05563162e-02 5.76404240e-02 4.19593768e-02
 3.10559202e-02 2.33567324e-02 1.78391525e-02 1.38286045e-02
 1.08737398e-02 8.66838042e-03 7.00205266e-03 5.72821298e-03
 4.74356691e-03 3.97444884e-03 3.36772263e-03 2.88464450e-03
 2.49667175e-03 2.18256422e-03 1.92636737e-03 1.71598923e-03
 1.54218505e-03 1.39782950e-03 1.27738793e-03 1.17653024e-03
 1.09184644e-03 1.02063295e-03 9.60734659e-04 9.10425042e-04
 8.68316446e-04 8.33288511e-04 8.04434929e-04 7.81022420e-04
 7.62458136e-04 7.48264273e-04 7.38058505e-04 7.31538535e-04
 7.28470260e-04 7.28676211e-04 7.32030240e-04 7.38451302e-04
 7.47897617e-04 7.60365680e-04 7.75885139e-04 7.94519662e-04
 8.16363964e-04 8.41544990e-04 8.70221061e-04 9.02583333e-04
 9.38856536e-04 9.79300892e-04 1.02421413e-03 1.07393409e-03
 1.12884184e-03 1.18936533e-03 1.25598353e-03 1.32923048e-03
 1.40970065e-03 1.49805684e-03 1.59503473e-03 1.70145024e-03
 1.81820954e-03 1.94631863e-03 2.08689181e-03 2.24116401e-03
 2.41050631e-03 2.59643758e-03 2.80064052e-03 3.02498217e-03
 3.27153355e-03 3.54258945e-03 3.84069440e-03 4.16867459e-03
 4.52966335e-03 4.92713539e-03 5.36495025e-03 5.84739302e-03
 6.37921740e-03 6.96570091e-03 7.61271211e-03 8.32676454e-03
 9.11509007e-03 9.98573196e-03 1.09476295e-02 1.20107110e-02
 1.31860099e-02 1.44858066e-02 1.59237548e-02 1.75150368e-02]

Rates of change of the predators population for each time point:
[15.         14.99254167 14.75742156 14.39223246 13.95789184 13.49069885
 13.01181507 12.5334398  12.06253741 11.60301773 11.15699901 10.7255407
 10.30907167  9.90764326  9.52108056  9.14907403  8.79123569  8.4471339
  8.11631519  7.79831798  7.49268127  7.19895011  6.9166791   6.64543444
  6.38479521  6.13435402  5.8937173   5.66250534  5.44035215  5.22690526
  5.02182533  4.82478586  4.63547278  4.45358404  4.27882923  4.11092912
  3.94961534  3.79462992  3.64572492  3.50266206  3.36521236  3.23315578
  3.10628086  2.98438442  2.86727124  2.75475372  2.64665161  2.54279172
  2.44300765  2.34713951  2.25503369  2.16654259  2.08152441  1.99984289
  1.92136712  1.84597135  1.77353472  1.70394114  1.63707908  1.57284136
  1.51112502  1.45183115  1.39486469  1.34013436  1.28755241  1.23703457
  1.18849987  1.14187051  1.09707175  1.0540318   1.01268166  0.97295506
  0.93478832  0.89812029  0.86289219  0.82904756  0.79653217  0.7652939
  0.73528271  0.7064505   0.67875108  0.65214007  0.62657483  0.60201441
  0.57841947  0.55575223  0.53397637  0.51305705  0.49296075  0.47365532
  0.45510986  0.43729469  0.42018131  0.40374236  0.38795156  0.37278365
  0.35821442  0.34422059  0.33077983  0.31787069  0.30547258  0.29356575
  0.28213125  0.27115088  0.26060719  0.25048343  0.24076356  0.23143217
  0.22247453  0.21387648  0.20562448  0.19770556  0.1901073   0.18281783
  0.1758258   0.16912033  0.16269109  0.15652817  0.15062215  0.14496408
  0.13954542  0.13435809  0.12939442  0.12464717  0.12010952  0.11577507
  0.11163783  0.10769223  0.10393313  0.10035583  0.09695605  0.09373
  0.09067437  0.08778634  0.08506367  0.08250469  0.08010839  0.07787446
  0.07580341  0.07389663  0.07215659  0.07058691  0.06919264  0.06798049
  0.06695914  0.06613966  0.06553603  0.06516579  0.06505092  0.06521897
  0.06570449  0.06655102  0.0678137   0.06956278  0.07188853  0.07490781
  0.07877354  0.08368804  0.0899221   0.09784312  0.10795664  0.12096919
  0.13788457  0.16015435  0.18991683  0.23038327  0.28647147  0.36585792
  0.48073531  0.65072949  0.90759993  1.30223452  1.91306771  2.8499335
  4.23543628  6.13440371  8.43319776 10.78305135 12.75482997 14.09478473
 14.80460188 15.03016182 14.93628233 14.65077841 14.25816212 13.81020422
 13.33748061 12.85774052 12.38118647 11.91361868 11.4582656  11.01684375
 10.59017385 10.17854198  9.78191387  9.40006349  9.03265122  8.67927203
  8.33948538  8.01283398  7.69885567  7.39709091  7.10708753  6.82840367
  6.56060956  6.30328857  6.05603773  5.81846794  5.5902039   5.37088401
  5.16016003  4.9576968   4.76317185  4.57627502  4.39670802  4.22418409
  4.05842754  3.89917336  3.74616686  3.59916323  3.45792722  3.32223277
  3.19186261  3.06660799  2.94626832  2.83065085  2.71957038  2.61284895
  2.51031558  2.411806    2.31716236  2.226233    2.1388722   2.05493998
  1.97430181  1.89682847  1.82239579  1.75088447  1.6821799   1.61617196
  1.55275486  1.49182694  1.43329056  1.37705188  1.32302076  1.2711106
  1.2212382   1.17332361  1.12729005  1.08306372  1.04057373  0.99975199
  0.96053306  0.9228541   0.88665471  0.85187687  0.81846486  0.78636512
  0.75552621  0.72589873  0.6974352   0.67009     0.64381934  0.61858113
  0.59433493  0.57104191  0.54866477  0.52716767  0.5065162   0.48667729
  0.46761918  0.44931139  0.43172461  0.41483072  0.3986027   0.3830146
  0.36804152  0.35365954  0.33984568  0.32657792  0.31383507  0.30159682
  0.28984368  0.27855695  0.26771866  0.25731159  0.24731924  0.23772576
  0.22851596  0.21967529  0.2111898   0.20304614  0.19523151  0.18773368
  0.18054093  0.17364207  0.16702641  0.16068373  0.15460431  0.14877887
  0.14319859  0.13785507  0.13274037  0.12784697  0.12316775  0.11869603
  0.11442554  0.11035043  0.10646527  0.10276504  0.09924519  0.0959016
  0.09273062  0.0897291   0.0868944   0.08422446  0.08171781  0.07937365
  0.07719195  0.07517347  0.07331993  0.07163416  0.07012021  0.06878364
  0.06763174  0.06667392  0.06592211  0.06539137  0.06510056  0.06507331
  0.06533923  0.06593553  0.06690915  0.06831966  0.07024312  0.07277751
  0.07605011  0.08022803  0.08553316  0.09226373  0.10082618  0.1117825
  0.12592216  0.14437309  0.1687759   0.20156229  0.24640707  0.30897319
  0.3981522   0.52813563  0.72183186  1.01627385  1.47030365  2.17259535
  3.24099609  4.79041889  6.84202411  9.20438313 11.47552635 13.25880046
 14.38605505 14.92150575 15.02771521 14.86053182 14.53321988 14.11839981
 13.65990253 13.18343493 12.70386728 12.22972142 11.76581705 11.31480749
 10.87806932 10.45622074 10.04942656  9.65757983  9.28041124  8.91755598
  8.56859498  8.23308067  7.91055315  7.60055045  7.30261498  7.01629764
  6.74116029  6.47677731  6.22273642  5.9786391   5.74410069  5.51875032
  5.30223073  5.09419791  4.89432082  4.70228099  4.51777213  4.34049969
  4.17018052  4.0065424   3.84932368  3.69827289  3.55314834  3.41371775
  3.27975794  3.15105442  3.02740109  2.90859991  2.79446059  2.6848003
  2.57944334  2.47822093  2.38097087  2.28753735  2.19777063  2.11152686
  2.02866785  1.94906078  1.87257809  1.79909719  1.72850032  1.66067432
  1.59551048  1.53290435  1.4727556   1.41496781  1.35944835  1.30610825
  1.25486199  1.20562745  1.1583257   1.11288093  1.0692203   1.02727383
  0.98697429  0.94825708  0.91106016  0.87532391  0.84099105  0.80800657
  0.77631761  0.74587339  0.71662511  0.68852593  0.66153081  0.63559652
  0.61068149  0.58674583  0.5637512   0.54166077  0.52043916  0.50005241
  0.48046787  0.4616542   0.4435813   0.42622025  0.40954328  0.39352373
  0.37813598  0.36335546  0.34915855  0.33552258  0.3224258   0.30984732
  0.2977671   0.28616588  0.27502521  0.26432737  0.25405537  0.24419293
  0.2347244   0.2256348   0.21690979  0.20853561  0.20049908  0.19278759
  0.18538907  0.17829199  0.1714853   0.16495848  0.15870147  0.15270468
  0.14695898  0.1414557   0.13618658  0.13114382  0.12632002  0.12170821
  0.11730185  0.11309478  0.10908131  0.10525612  0.10161436  0.0981516
  0.09486388  0.0917477   0.08880007  0.08601855  0.08340123  0.08094689
  0.07865494  0.07652559  0.07455991  0.07275997  0.07112894  0.06967136
  0.06839329  0.06730268  0.06640969  0.06572718  0.06527136  0.0650625
  0.065126    0.06549374  0.06620577  0.06731275  0.06887908  0.07098718
  0.07374353  0.07728692  0.08180015  0.08752693  0.09479624  0.10405841
  0.11593927  0.13132263  0.1514784   0.17826474  0.2144529   0.2642573
  0.33421266  0.43463716  0.58207144  0.80326561  1.14133681  1.6639805
  2.47022933  3.68290317  5.39969907  7.58444668  9.96690915 12.1161916
 13.69349663 14.61571415 14.99426406 14.99735221 14.7684604  14.40670696
 13.97410961 13.50766531 13.02895412 12.55042075 12.07917267 11.61920338
 11.17268042 10.7406925  10.32368599  9.9217227   9.53463402  9.1621141
  8.80377709  8.4591925   8.12790737  7.80946023  7.50338996  7.20924134
  6.92656858  6.65493744  6.39392653  6.14312797  5.90214769  5.67060549
  5.44813491  5.23438298  5.02900991  4.83168874  4.64210497  4.45995613
  4.28495138  4.11681113  3.95526661  3.80005948  3.65094147  3.50767394
  3.3700276   3.23778208  3.11072563  2.98865478  2.87137403  2.75869551
  2.65043872  2.54643021  2.44650336  2.35049803  2.25826041  2.16964268
  2.08450283  2.00270441  1.92411634  1.84861267  1.77607237  1.7063792
  1.63942144  1.57509179  1.51328712  1.45390838  1.39686039  1.34205172
  1.2893945   1.23880435  1.19020018  1.14350407  1.09864118  1.05553961
  1.01413027  0.9743468   0.93612542  0.89940488  0.86412633  0.83023324
  0.79767128  0.76638827  0.7363341   0.70746058  0.67972148  0.65307233
  0.62747046  0.60287484  0.57924608  0.55654633  0.53473925  0.51378992
  0.49366479  0.47433165  0.45575956  0.43791881  0.42078085  0.40431827
  0.38850476  0.37331503  0.35872483  0.34471084  0.3312507   0.31832293
  0.30590692  0.29398288  0.28253183  0.27153555  0.26097656  0.25083809
  0.24110406  0.23175907  0.22278833  0.21417768  0.20591355  0.19798296
  0.19037347  0.18307318  0.17607072  0.16935521  0.16291628  0.15674403
  0.15082901  0.14516225  0.13973519  0.13453975  0.12956823  0.12481339
  0.12026839  0.11592681  0.11178265  0.10783032  0.10406468  0.10048099
  0.09707497  0.09384281  0.09078118  0.08788726  0.08515876  0.082594
  0.08019196  0.07795228  0.07587546  0.07396286  0.07221689  0.07064114
  0.0692406   0.06802193  0.06699372  0.06616695  0.0655555   0.06517676
  0.06505256  0.06521021  0.065684    0.06651711  0.06776423  0.06949502
  0.07179894  0.0747918   0.07862507  0.08349905  0.08968176  0.09753664
  0.10756351  0.12046054  0.13721903  0.15927162  0.18872729  0.2287511
  0.28418682  0.36259049  0.47595677  0.64358576  0.89671011  1.2854097
  1.88703383  2.81042419  4.17854288  6.06012607  8.34961957 10.70520025
 12.69594811 14.05916559 14.78889796 15.02843741 14.94328079 14.66281368
 14.27291218 13.82627943 13.35406904 12.87437331 12.39759533 11.92965229
 11.47384117 11.03191898 10.6047305  10.19257627  9.79543064  9.41307274
  9.045166    8.69130709  8.35105634  8.02395683  7.70954642  7.40736541
  7.11696129  6.83789183  6.56972682  6.31204916  6.0644554   5.82655595
  5.59797506  5.37835064  5.16733399  4.96458951  4.7697943   4.58263775
  4.40282121  4.2300575   4.06407055  3.90459501  3.7513758   3.60416781
  3.46273545  3.32685234  3.19630092  3.07087215  2.95036516  2.83458692
  2.72335199  2.61648216  2.51380622  2.41515966  2.3203844   2.22932859
  2.14184631  2.05779736  1.97704705  1.89946597  1.82492977  1.753319
  1.68451888  1.61841914  1.55491383  1.49390117  1.43528337  1.37896647
  1.3248602   1.27287784  1.22293606  1.17495483  1.12885722  1.08456936
  1.04202027  1.00114173  0.96186824  0.92413685  0.88788709  0.85306086
  0.81960234  0.78745793  0.7565761   0.72690738  0.69840422  0.67102095
  0.64471371  0.61944035  0.59516038  0.57183491  0.54942659  0.52789953
  0.50721927  0.48735269  0.46826801  0.44993467  0.43232334  0.41540586
  0.39915517  0.38354529  0.36855127  0.35414916  0.34031597  0.32702961
  0.31426889  0.30201346  0.29024381  0.27894119  0.26808763  0.25766589
  0.24765942  0.23805235  0.22882949  0.21997625  0.21147867  0.20332337
  0.19549754  0.18798892  0.18078578  0.17387691  0.1672516   0.16089963
  0.15481124  0.14897715  0.14338851  0.13803693  0.13291444  0.12801349
  0.12332697  0.11884818  0.11457083  0.11048905  0.10659741  0.10289087
  0.09936487  0.09601526  0.09283838  0.08983106  0.08699065  0.08431507
  0.08180282  0.07945309  0.0772658   0.0752417   0.07338248  0.0716909
  0.070171    0.06882827  0.06766993  0.06670532  0.06594629  0.06540776
  0.06510845  0.06507183  0.06532726  0.06591168  0.06687166  0.06826627
  0.07017095  0.07268284  0.07592808  0.08007219  0.08533493  0.09201149
  0.100504    0.11136818  0.12538429  0.1436664   0.16783401  0.20028588
  0.24464475  0.30648958  0.3945747   0.52286581  0.71390084  1.00412061
  1.45148624  2.14357774  3.19751164  4.72941375  6.76568939  9.12327942
 11.40479349 13.20887763 14.35825469 14.9112571  15.02925168 14.86922058
 14.54595034 14.13325281 13.67574074 13.19959686 12.71997205 12.24555185
 11.78125155 11.32978061 10.89254883 10.47019425 10.06289358  9.67054696
  9.29288932  8.92955833  8.58013626  8.24417621  7.92121852  7.61080115
  7.31246632  7.02576458  6.75025739  6.4855187   6.23113577  5.98670962
  5.75185511  5.52620093  5.30938934  5.1010759   4.90092915  4.7086302
  4.52387234  4.34636064  4.17581158  4.01195256  3.85452161  3.70326689
  3.5579464   3.41832757  3.28418689  3.15530958  3.03148928  2.91252768
  2.79823424  2.68842586  2.58292662  2.48156752  2.38418613  2.29062642
  2.20073847  2.11437823  2.03140731  1.95169273  1.87510675  1.8015266
  1.73083438  1.66291677  1.59766491  1.53497423  1.47474423  1.41687838
  1.36128393  1.30787177  1.25655629  1.20725524  1.15988959  1.11438342
  1.07066381  1.02866066  0.98830667  0.94953715  0.91228996  0.87650542
  0.84212617  0.80909711  0.77736531  0.74687994  0.71759212  0.68945495
  0.66242333  0.63645396  0.61150524  0.5875372   0.56451145  0.54239112
  0.52114079  0.50072644  0.48111538  0.46227623  0.44417883  0.42679424
  0.41009466  0.39405337  0.37864473  0.36384414]